0 VANGUARD 2
1    11U 59001A   22053.83197560  .00000847  00000-0  45179-3 0  9996
2    11  32.8647 264.6509 1466352 126.0358 248.5175 11.85932318689790
0 VANGUARD 3
1 00020U 59007A   22053.60170665  .00000832  00000-0  32375-3 0  9992
2 00020  33.3540 150.1993 1666456 290.4879  52.4980 11.56070084301793
0 EXPLORER 7
1 00022U 59009A   22053.49750630  .00000970  00000-0  93426-4 0  9997
2 00022  50.2831  94.4956 0136813  90.0531 271.6094 14.96180956562418
0 TIROS 1
1    29U 60002B   22053.73599453  .00000075  00000-0  41992-4 0  9997
2    29  48.3791 284.6069 0024160 344.1103  15.9048 14.74533417309456
0 TRANSIT 2A
1    45U 60007A   22053.78590077  .00000201  00000-0  76203-4 0  9992
2    45  66.6938 199.2201 0260624 228.7924 129.0448 14.33783651210919
0 SOLRAD 1 (GREB)
1 00046U 60007B   22053.56859360  .00000150  00000-0  52806-4 0  9998
2 00046  66.6903 184.2260 0206083  30.7482 330.5510 14.49531925228257
0 COURIER 1B
1 00058U 60013A   22053.57007590  .00000103  00000-0  27843-4 0  9990
2 00058  28.3254 213.9685 0164896 121.8823 239.7880 13.46331018 21563
0 EXPLORER 11
1 00107U 61013A   22053.36462913  .00001102  00000-0  12806-3 0  9999
2 00107  28.7906 307.3320 0544222 325.7790  30.8820 14.09575093 53048
0 TRANSIT 4A
1 00116U 61015A   22053.59491362 -.00000005  00000-0  54851-4 0  9995
2 00116  66.8101 144.3927 0081903 295.7647  63.4996 13.91813101 77406
0 SOLRAD 3/INJUN 1
1   117U 61015B   22053.79061784 -.00000049  00000-0  22091-4 0  9998
2   117  66.8101 244.7414 0082529 316.1382  43.3161 13.89881521 75544
0 TIROS 3
1 00162U 61017A   22053.46597274 -.00000070  00000-0  26849-4 0  9991
2 00162  47.9009 328.3344 0044533 162.9380 197.3021 14.44121209163949
0 TRANSIT 4B
1 00202U 61031A   22053.44440530  .00000075  00000-0  64572-4 0  9991
2 00202  32.4390 333.3810 0101119 127.6129 233.3720 13.63561486  5782
0 TRAAC
1   205U 61031B   22053.81871020  .00000048  00000-0  29606-4 0  9996
2   205  32.4412 111.3714 0102305 273.2854  85.6067 13.62426388  4587
0 TIROS 4
1 00226U 62002A   22053.55470977 -.00000073  00000-0  26949-4 0  9991
2 00226  48.2966 294.6206 0078438 246.1904 113.0756 14.45747526140364
0 TIROS 5
1 00309U 62025A   22053.49776455  .00000052  00000-0  45126-4 0  9995
2 00309  58.0907 234.2031 0187097 259.3128  98.6784 14.57001830151929
0 FTV 3502
1   369U 62039A   22053.83720329  .00000503  00000-0  63534-4 0  9997
2   369  98.4743   2.4600 0091774 178.0695 182.0890 14.84082654181797
0 TIROS 6
1   397U 62047A   22053.72178655  .00000404  00000-0  65962-4 0  9991
2   397  58.3050 189.8944 0013697 121.8001 238.4380 14.88736291198537
0 ALOUETTE 1 (S-27)
1 00424U 62049A   22053.41475221  .00000047  00000-0  44206-4 0  9990
2 00424  80.4639  15.1233 0022989 345.1338  14.9129 13.69192853965647
0 ANNA 1B
1   446U 62060A   22053.81766611 -.00000119  00000-0  14384-4 0  9992
2   446  50.1412 289.0608 0070306  19.7513 102.8060 13.35283453893637
0 EXPLORER 16
1 00506U 62070A   22053.30995854 -.00000109  00000-0  23050-4 0  9996
2 00506  52.0028 276.5814 0276698 310.2412  47.4602 13.85206712990314
0 HITCH HIKER 1
1 00614U 63025B   22053.51365970  .00020198 -10814-5  34773-3 0  9992
2 00614  81.9763 228.9109 0502466  87.8717 277.9922 14.72876469687338
0 TRANSIT 5B-1
1 00670U 63038B   22053.30437135  .00000066  00000-0  97197-4 0  9990
2 00670  90.0289 333.9670 0039860 223.5583 136.2415 13.44369388862421
0 RADIATION SAT (5E 1)
1   671U 63038C   22053.84386399  .00000083  00000-0  12579-3 0  9994
2   671  90.0297 333.9349 0039918 180.8481 179.2606 13.44890822863859